v1	v2	timespan	result	duration
20369	16153	383,626	true	342265431
34492	20943	618,725	false	19.611.256
31112	29438	98,681	false	16267074
39792	42441	626,685	false	15205450
31650	51547	719,819	true	906371393
23416	34848	576,635	false	670545899
24029	29355	272,291	false	9293112
36768	34734	306,584	true	284964526
46767	46257	767,771	true	513252892
24881	29827	372,760	true	187481676
42176	29071	85,150	false	16053767
48093	20889	20,247	false	18292147
44949	19590	51,96	false	18692431
42676	37869	605,797	false	1998810749
33604	18208	121,742	true	323377990
17599	42890	190,618	false	1151263305
24977	36903	462,854	true	164846198
16896	23825	133,412	false	16230927
47751	34057	402,591	false	17277825
31396	33119	225,625	false	17053809
44630	40928	198,595	false	1182865688
42064	31445	192,630	false	16147926
37619	34534	583,813	false	17218920
28170	32693	339,746	true	145349182
21051	43345	626,654	false	908920808
40019	34935	330,667	false	17854378
38472	33934	22,24	false	19466671
20803	38812	338,376	false	671039450
20054	37732	624,869	true	545134626
47549	40893	32,204	false	18646022
42751	21122	332,822	true	34045144
16620	20481	101,222	false	18363100
36572	26662	316,816	true	43813509
51108	20958	589,830	true	35812731
37003	50431	10,439	false	1021772434
22256	48828	174,441	false	17470158
46107	49621	430,835	true	55790356
48833	41515	255,385	false	17596000
36937	42400	394,402	false	19604562
27486	25720	85,666	false	1111106797
41817	31685	226,655	false	1102840501
51739	31978	590,863	false	18287685
51693	37819	606,786	false	20721521
22217	38481	225,669	false	1822428597
29350	16190	329,764	false	1213797360
32328	40834	299,740	true	95052584
49131	33368	781,853	true	131240610
32548	47170	422,795	false	1755099163
44908	39205	191,790	true	282121480
38934	31188	355,793	true	301652857
24855	36285	665,759	false	19145819
33257	26813	663,846	true	161922828
29834	51115	518,842	false	18635312
41668	26852	338,464	false	767791345
38544	35363	197,596	false	25545906
26232	50569	312,426	false	739277445
31476	47012	132,193	false	17141274
38719	48202	410,467	false	16196567
17474	49771	549,749	true	81288514
21685	26662	679,827	true	39392531
37312	27869	557,827	true	165616423
18609	20337	619,665	true	624975065
16895	37650	168,596	false	17221152
45366	50991	103,429	false	18974906
26508	28886	314,410	false	17881152
24197	49262	541,580	true	460646069
48356	39545	223,741	true	52003943
32976	20380	223,860	true	59280461
27940	46044	326,436	false	17113607
26138	47285	430,837	true	455718600
39037	48032	43,219	false	15363869
43888	25968	469,766	true	273779769
21367	35444	437,512	true	321147196
17883	41528	86,222	false	19641600
43838	38850	33,247	false	27210411
29150	42035	285,556	true	253374638
27606	35359	824,858	true	657684143
16275	36165	463,575	false	21205253
32249	39317	92,581	false	17779854
27539	23958	584,745	false	17081030
37487	38715	58,662	false	17317095
39647	28512	27,297	false	17363951
33861	34735	231,681	false	20721967
34539	19827	522,822	true	84314075
22500	19066	186,681	false	17108252
48742	20538	23,525	false	16857460
19445	25632	130,136	false	16446019
36626	25773	696,816	true	160574714
46079	29158	504,658	true	91188523
29941	20344	63,289	false	15604396
39829	38823	104,120	false	17533971
40793	26275	372,445	false	16078311
44133	50518	235,299	false	15829751
24570	42188	124,708	true	94165889
31541	35194	268,579	false	15724883
45535	34925	188,389	false	16611577
19192	20404	187,746	true	42131602
16022	24096	266,544	false	17902573
18147	18331	178,586	false	17082369
21221	49871	705,799	true	395184182
35213	28821	196,545	false	890566632
37615	22511	209,311	false	20699654
23220	34442	165,788	false	18370240
42120	39916	601,603	true	38487987
21356	37953	462,557	false	18832999
23101	46210	83,370	false	17317987
27200	19079	41,221	false	18568820
40720	49426	242,836	true	907342429
21946	48044	256,595	false	21388215
44233	42246	704,708	false	17498272
41525	46864	140,761	false	17107805
26115	38405	73,154	false	18945008
35953	33127	675,695	false	17730321
49242	46012	384,558	false	16975269
31236	25935	72,556	false	17209550
33401	21848	498,633	false	19663467
28291	40475	212,470	true	168085512
28045	45610	353,596	true	250075528
27911	17245	187,461	false	15657053
21158	16448	252,851	true	99236604
40396	47203	638,788	true	227572585
36910	26418	466,655	true	69858767
42118	21368	499,542	true	51081995
46524	30732	28,323	false	19260058
21275	27417	617,822	false	1567790185
23663	30593	246,860	true	129793427
40171	37643	714,850	true	1155205459
17272	29300	536,864	true	50683942
22753	17034	230,615	false	20577382
38688	30721	267,752	true	413408500
46719	26263	152,243	false	17053809
32367	50824	343,396	false	681442380
20075	20257	477,863	true	50615220
29117	31294	152,567	false	1075531917
18583	41147	263,674	false	17300138
45937	24463	251,428	false	17204641
41236	51295	311,466	false	16857014
48601	40875	153,394	false	18368456
30383	43677	142,354	false	17435798
37752	18921	564,752	true	148759409
50810	38600	655,825	false	17072551
22080	24260	101,431	true	658233028
25315	48826	754,793	true	319748656
46055	26398	118,284	false	16559366
51205	26336	348,701	true	578422487
21519	29767	713,775	true	90994852
27823	22980	10,166	false	17149306
27695	49212	107,779	false	1449210520
40844	32683	76,813	true	992965795
23454	42589	248,816	true	42535901
