v1	v2	timespan	result	duration
24178	16469	17,258	true	750472911
23302	21675	56,816	true	141309746
42757	43664	10,617	true	191726832
40542	19776	464,815	true	274576767
16392	21977	448,796	false	1259830952
32137	22682	227,625	true	478564706
32710	45229	274,406	true	138377005
36963	35739	463,632	true	177842722
29912	38540	386,517	true	144984151
43192	42973	82,414	true	95976763
24515	38222	215,863	true	600296666
34284	30560	461,870	true	251779748
28592	41879	285,302	true	478368804
22220	41841	680,692	true	104352836
21586	43518	367,597	true	86969249
28658	38310	47,848	true	55476644
17604	25197	675,760	true	247947371
23169	39044	353,861	false	865988637
47720	33997	63,538	true	230939080
29424	19512	138,251	true	192052146
33534	24864	91,857	true	153472679
44206	17980	146,742	true	158477348
22581	24948	312,609	true	892215519
47037	51725	39,310	true	241727123
21156	26504	512,693	false	465411103
43663	23461	771,772	true	88867141
51007	20079	98,441	true	136781223
44745	42311	5,642	true	122431676
27527	38971	64,572	true	146950766
22852	30535	518,646	false	290002218
40981	37136	216,826	true	143808735
26948	38459	380,460	true	183770679
20874	36718	495,551	true	155394668
40293	24687	488,860	false	1632867852
49066	49944	12,842	true	200551830
23352	48319	378,703	true	84662595
23507	40468	282,695	true	56397254
39892	42239	1,586	true	92114934
43102	40354	407,726	true	80072488
36611	44056	277,475	true	120473094
37078	48156	582,771	true	37717764
28107	29281	164,235	false	258511844
36292	31267	760,774	false	133921667
18422	17946	322,801	false	1518883649
27620	39529	180,537	true	143325448
46283	26173	506,557	true	202061487
35326	34836	175,622	true	209650378
23369	23209	343,480	true	29418891
29138	18051	29,503	true	126491639
17122	50038	541,586	false	130521258
33550	34943	151,508	true	64798763
19717	47805	109,144	true	73836174
40525	38179	138,414	true	73878121
25833	37371	256,857	true	83701823
47145	28055	210,793	true	73250697
23577	34293	585,671	true	56199119
36218	18414	290,516	true	42982596
16543	21616	162,361	false	147540259
26374	31020	282,356	false	313436926
25722	35833	221,862	true	60540219
46790	33395	299,558	true	128738943
23654	24552	62,617	true	109484241
22791	16617	658,850	true	274280905
23575	33498	60,301	true	19502818
40311	38798	85,269	true	96710395
19368	50678	127,612	true	231304557
40951	29412	175,583	true	99594048
22746	25876	375,566	true	41458213
41207	40369	122,360	true	61137745
46303	19648	110,669	false	143667274
40195	32371	807,836	true	66009433
21641	48848	329,519	true	32336906
49623	32315	363,639	false	74573376
48978	42723	5,172	true	45126371
29909	15958	412,833	true	438959314
20478	26379	471,721	false	146680786
31002	19989	62,345	true	80095248
47159	34675	424,582	false	119474391
29701	20849	724,757	false	69569599
45351	20186	25,495	true	43052657
38482	47038	154,253	true	35367822
22114	38889	67,450	true	95378345
21757	27051	255,546	true	146740137
37229	22481	382,462	false	104845940
30727	29378	501,705	true	101842245
16914	19845	31,328	true	89032700
41303	31805	114,276	true	80439304
45016	36583	67,331	true	89017527
33627	39273	408,625	true	117639420
17089	24786	327,498	true	54525243
47326	43251	453,636	true	60913282
37131	51084	644,707	false	16647723
20066	28754	220,788	true	32506927
22004	18708	399,806	false	472456019
46723	30046	133,860	true	65898317
31579	18513	297,820	true	41175738
32607	47568	660,791	true	51044510
35732	37409	226,831	true	78565509
40011	39780	506,818	true	114614752
16093	23866	1,94	true	120196421
47652	39479	10,632	true	52284187
19385	29106	80,616	true	31590780
16189	27517	833,858	true	30356459
34164	36969	357,500	true	82324701
38800	50881	242,351	true	50547390
42428	27829	519,834	true	169949935
44654	26100	199,380	true	62239977
35148	43464	489,821	true	128135617
31593	33964	434,597	false	74318122
46422	34444	34,71	true	86186084
46440	29410	211,541	true	19984765
39701	46816	213,766	true	42941988
17799	47131	270,465	true	71522825
43022	42559	451,791	true	71103352
27256	33372	415,575	false	76905467
43293	46557	91,865	true	18606306
37031	26484	73,408	true	43104421
43698	48169	44,119	true	29275646
22020	20831	30,85	true	25185784
19902	36664	680,853	true	48532135
19240	22631	291,485	true	87087505
38086	26449	202,787	true	100981879
37553	36841	185,536	true	78468673
20701	44621	636,868	true	114280512
24660	18655	369,529	true	101981921
26257	27283	231,376	true	31058406
51667	19219	404,754	true	16179163
25020	34611	658,741	true	560623890
21656	42731	526,639	false	39581295
39697	25117	116,796	true	46078218
47169	26711	72,334	true	41625109
38062	47033	731,824	true	13718998
24388	17681	106,599	true	65659128
18959	22546	354,484	true	81547784
22287	28480	345,842	true	186922081
20920	34706	360,684	true	30104328
38903	27398	545,835	true	104490726
37320	29494	713,847	true	32066034
30814	16998	361,647	false	118473904
35233	47140	114,415	true	93923130
30908	28251	595,769	true	33880478
23708	42876	7,369	true	89876109
29464	42100	47,198	true	71045340
40846	45492	3,858	true	127007502
39610	51522	704,750	true	86117362
21107	26169	45,637	true	36548594
44930	32009	582,677	true	54632789
26289	46134	174,836	true	225939765
38392	27969	18,783	true	72322502
40669	39727	256,636	true	46046087
